[app/ui]
version = 8.0.1
modtime = 1584877496.382046000

[app/launcher]
version = 8.0.1
modtime = 1584877496.424300000


